   5   2   7   3       3           5   4                  
                                                     6    
     3           5               3                        
         3               3        10                12   5
                       1                               4  
   3         3             1   2             4            
                     3   3                                
       3         1                                       9
 6   6         5                         4                
                   1           3                     2   2
         2       3           2                 1          
                                                 8     3  
                     1                                    
         4         2   1       9                         4
   1   1                                            11    
           3                   5                          