                 8                      
 2                                      
                   6       5            
       1                                
   2       2         3                  
                           5            
     4                                  
 2     2                           7   8
                       8         9      
 4                         9           3
                   2     2     5        
 7           2       2             4   3
                                        
   2   3       3         2              
                                   1   5
   3                         2   6      
           4     6                      
   3     2         5       2            
             3                          
         5     9                        