                                
                                
             2   3              
     5   2                      
 5             4       3        
     3                          
                                
     3                 4        
 4                              
   2   2                 2      
                     3          
     5   2         8            
 4           9       4          
           4       4            
                     7    18    
                 4              
                     2          
     3   1                      