 6       3                             5    
                 8                          
                                       2    
                 1                11        
             4             7   3            
                 5       4       1   2   2  
       3                   7   2   1        
         8                           3      
                             5     5        
                   4     6                  
             4             4                
               6                  10       9
       6                         1          
                 2     2     6     4        
       1     1                              
           5       1                        
                               5   3        
                 5   1                      
         1         1   1                    
     7                       3              