                    11    
 5                        
     8                    
       6             1    
                          
   7                      
                       1  
                          
           2   6          
                          
 5       2           7    
                          
     7           4        
 2    11     2            
  11                   2  
                          
                     8    
 8             2          
                   4      
     6                    
   3                      
                          
   2       6              