         9                                              
                                                        
       8                                                
                                       8   5            
   5   9                       3                        
 3   4                       6                          
             3     5                   5                
           7                                            
  10   4                     8             6  10        
                                 3           1          
                                         5            11
                                       4                
                           1     8           3  11      
           3   1                                   3    
                   2            10          11          