                 3                  
                                    
    11                              
                               7   9
           1                 6      
 6   5                             3
   4   3   2                 7      
                                    
             3                 7   3
       4                            
     6                             9
 5             1                    
                                   6
     6           5                  
                               6   3
                 1                  