 1                              
     2   1   1                  
           5                    
                                
                           4    
                         9      
 5         3       4            
               5                
   5         4             3    
                 2       1      
               3                
       3           2   7        
                              13
 9   2   4                      
                                
           3             7      
               2                
                         7   9  
               5                
 1   6                          
                       5   3    
   1     3           6         4
       4                     4  
                     7          
                               1
               6         3      
                 6   3         3
                         4      
     2                     1   2
 5               6              