       5                  
         4         3      
       2         5        
   3     5   1           3
                          
               3          
 4                     5  
             5            
 5                        
           4     3        
   6                      
10                        
     5           2     2  
           2              
                       1  
           3   2     5    
    10                   4
                   3      
                          
     1                 1  
                          