                                    
                   5   4            
               1         3   6     2
     7                              
       4                     3   1  
                                    
 7             4                    
                                    
                   7                
                                    
             7   6                 5
 4   7                         5    
       2                            
                  11                
     3               9     6        
   1                             1  
       2   4   6   2   4            