                   5   5   3       2
         1                          
    14       1     4       4       5
                               3    
           1                        
         5   2         3            
                         3          
     1               8         2    
 4                     9     9   6  
     1           5                  
       3                            
                       4            
         4   3                      
                                 3  
                                    
   3   3                 4          
 2                         1   6    
                    10   9          
                             3      
                                    
           8                        
 1   2                   7          