   2   4   7   3                     2   1          
                       3   5                        
 2                                                  
                       4           5             1  
 1   1    11                   7                    
         1                                          
 2         4                                        
                                              15   4
                 2           4                      
 3     4                         8                  
         5               3               2          
                     8           4         4        
   4                                                
 3  10             2   3   4     7                  
           4                                     6  
     5             9                                
   1                                 7              
               2   8                       6        