                 1        
     5                    
                   1      
 5                   1   5
                          
               5         2
   6               2      
     8                 1  
 2           3            
     5         5   3   3  
 2                        
     3   3         3   5  
 3                        
                          
           2   3          
       3           6      
                         8
   3   2         6        
                          
   4     3                
                   4      
                     2    
 6               6        
                          