                11                    
     9                                
   4                   8              
     7               7                
   3             3         6          
                                   1  
       3                             1
     2       5                     1  
           5           3              
       1             4       7        
     3                                
 5     4       3   4       3          
     8                   1            
         3                       1   3
                         3     1      
             1   1   2             2  
         6         2                  
 3                         3   2   2  
         3             5              
                           2          
               1                 1   2