 3               9        
                          
 1               1        
                          
 5       4   4            
               6          
   3               1      
           3   2          
                       5  
     2       2     1      
                          
     6     1         2   3
 6                        
                          
 5         2   6   4      
         3   1       5    
 2               4        
         5                
 2                        
       3   1              