      13                                
                                      19
                            13          
                               2        
                           5           6
 1   1                       5       4  
         2   1                          
     1                                 4
         9           1         4        
 4     1               3                
           5     2             4        
 1     2                         3     2
           1             2              
 2     2             5     1           2
                 4                      
                                        
       1                                
         1   3   2                      
     5         5     2                  
                         6              
       2               3     7          
               4                11      
                       4     2     9    
 4                  11                  