     3       2                     1
               4               6    
       4     3       1              
 2                           1      
         1       2         3   6    
   1   1             2              
                 1                  
                       1            
           2       2       5        
   3   7             3       4      
 5   8   3         2             2  
                       4            
               4                    
                       4     3      
     8         2     2              
   5       8                        
                   4     4     2   2
           4                        
                                    
                     4           4  
                                    
                                 1  
     2             4     3     1    
         6                          
           4             6          
                                    
 6   4  10               6          