     2                          
                               2
                 2              
 4             4         4     2
     3   4                      
                 2              
                                
   3   3                   4    
           2            10      
                                
               7           2    
     3             6     3      
                                
    12           2              
                       3       9
                           3    
                11       4      
10   3                          
                                
   4           3         5   4  
                       6        
     3                          
                                
 4   2     2     2     3   4   4