                          10              
                                          
                           8         5    
      18                                  
     2         3                     6    
         2           2   3       2       6
                   3                 2    
       2     3                   7       2
         4     3                     4    
     3             2         1           6
                         3                
             2         4   4              
       3                                  
                       8   5           2  