   3                   5   2  
           2                  
 1                         3  
     1  13           4        
 3                            
                     2   2   3
                 3     2   6  
   3       3                  
         2   1                
                   2          
             6       6        
 1                           8
   1         1   1            
           6                  
                             1
     4           3            
   1           2              
         3                    
   1           4       1     7
                              
   1       3         6       4