                     4   4   7
 1         6                  
                              
           4         5        
 2               3            
                       8      
 2                       2   2
                              
 2                     7      
                              
                   3         3
                              
   3     8           8        
                           6  
   3                     5    
             5             1  
         5               6    