 2                 8     3  
                     3      
   2            12          
                  13     4  
 2             9            
                 7          
                            
 4                          
   7                       2
                            
 2                         1
                            
   3   4           1       7
           2   2            
                   4        
             3              
 5       4                  
       3         3          
               1            
                   5        