                                                    
                                     1              
                     9                 1   1        
     3                                              
                                 4             3    
               2       6     4               1      
14  10     2     5                       4          
       2               4                       2  15
 3         6                                        
         1               5                         2
 2   2       4                 4                    
                                     7   4          
   6                                                
             3                   4  10         4    
 3   3                                              
             7         6   4   2   9                