                                      
                                  11  
     6                                
                                      
                       6         6   3
   3   3             8   2     1   5  
                             3        
 2                     3              
               7         5            
                                      
             7                        
               6       7              
             6                        
     5         5         7            