                        
             4          
                        
     4   6   4     4    
       5   4            
               2        
                     3  
                   2    
                        
     2       4     4   3
                     3  
           2            
       2       3        
         4         5    
                       7
          17   3        
                        
                        
         7   3   3      
                        
                        