 4           2         3  
         1       2        
   4       6         2    
 4                       5
           6              
     7         8          
                          
             3           2
 8                   3    
                          
         4             1  
                          
         5     2   3   3  
           9              
                       1  
       4         6   8    
   4                      
                   4      
                          
                          
     3                    
 3                        
                   4      