                          
                          
  12                 6    
                          
   2         3           5
                 2        
     2     6           7  
                 3       5
         4                
             2   3        
                          
           4           3  
     4               5    
                          
     3   2       4     2  
                    11   6
                          
                          
                 9        