                           6          
11                                    
    11                       3        
   1                                  
    10                     2          
   3                                  
                                 4    
  11                           5      
         6                 5     4    
   3   4                             7
                           5      12  
   7                                  
                                      
                                      