             7                 2  16                                        
                 7         2                                       1   1    
                             8                 6           4             4  
           5               5                 7                       1      
       2           6         7                       8   4   2     5     1  
                     1     3                                               1
     2             6         2   7   7     8                     2          
                       6                                                   7
     2                         4                           3       2   1    
 8             4     5                                               2      
                                                             4              
   6                 3         6           1   9                            
                           4             3   7                              
                               3                10                          
             4                                             5                
     6   3     6             3     2                                        
                                 3    14                         2        14
               3                     3                                 1    
         3                                                       1   1     1
     5             7                     5                         1   1    
  10     4               7                           6                   1  