   4             9                     4     2
                                     4        
   2       2     2   1   1   6                
                   1               7   4   2  
 2   3       1         1                      
                 2                            
 3             2     3                       5
                                              
 7       3   2         4     4       5       4
                                         1    
 4                       7     6       7      
     4     3                     4            
                                         4   5
                     3       5                
   3               4                          
             3                                
                                 9            