       2           2   2   5                        
   1     7   3                                12    
     4                     3             6          
                   4             2   5              
 2             4             1                      
                           1           3            
 4                     2     3       1           3  
         7               9                     2    
 6   3                                     1        
               2     2                              
     5   3               5                          
             5         1             3   3     4   5
                         2         3                
             5                                     7