           2                         3          
         6                                      
               3     3   4                 2    
             6     2         3         6        
               4       5                   2    
 9       1           1                 1        
                 1             2   3       2    
       2   2         2           5           9  
                                           5    
               3                                
 1   1             2     2                     2
             4             2   2             8  
     5           3   2                          
                                           6   3
       4   1   7                   3            