 7                         5        
                 1                  
 3   3         2                    
                   1                
     1                              
 2       2                 7        
                   7                
     4           3   1              
 7                       6  10      
                       5            
           2                       8
 7   1         5     2   2   4      
                 1         4   2    
       3             3              
             4     2            11  
       1       3         5    10    
                                    
     1   3                          
   3                          10    
               1                    
       1   2                        
                                    
                            15      