       4     8            
                          
   1       2   2          
         3   5     3      
     3                    
           1              
                     2    
     2       4           5
                          
           5              
       6                  
         3   3     4   5  
                     3   3
                          
           1     2        
12     2             2    
                 5        
       9               9  
                         7
                     3    
         3                
             5   3        
                   3      
               1          
         3                