                                                  
                  12                         2    
                    12     3           1         4
         7         9     1         2     3     4  
                       1     2       4            
                   4           3                  
   1                         7           2        
                               2     1            
             6   2           6     7           1  
     1                         7             3    
                                                  
   7         2       3           5                
     1     3           2                     2    
             2     9           7                  
     1                                   4       1
   1                       2         1            