           6     3           6          
               1       2                
           6               6            
             3                          
     4     2           6             2  
             3       3       4          
           4               1         2  
                   2                    
11       5           3           3      
               3               8   3    
 7                                     1
                             4          
         3                 6            
             2       3       8       2  
                           6           3
     3     1                 3          
                                        
     3                                 1
 5               7   1   4              
         4                              
               1           6   3     2  