           7         7     4   3   7   6                   5
               1   2                               4        
                                       4   3                
             8  10                                 1        
         1                   3               3       2      
       3                   6               5                
                                 9     8       3   2     1  
       3        10           2                              
                         3                         2        
     7             4       6   6                            
           4           6                         2          
                                                            
         2                                                  
                 3                                          
                                       8   1                
     2   1                                  42              