               3             5        
                           7          
                             4        
  12     2                            
                             4        
           3       2   4              
                 8   1               2
       5   2                   2      
         4         2                  
     3                       6        
                           6     4    
                                      
               8   8       3     3   3