           5                      
               4       5          
   2         4   3                
                         8       7
             6                    
     3     3             1        
 3           7     6              
                                  
             1                    
 3   5     3           1          
                               3  
   4           4   4     4        
 4                                
     3                            
           8                      
                           5      
 5         7                      