             3               8
       2                      
         6             2   2  
               2              
 7   2                        
   3   4      10         2    
                     1        
             3                
                         3   6
 2           4             2  
                              
             6           4    
           6                  
             3                
       2   1                  
             1           2    
               7              
                   5          
           3     8            
       5     1                
                              
    12                        
       4     9                
     3         6             3
       1                   3  
         4                    
 2                            
           5   3   3       1  