   2     4     9                
           3                    
 2               8              
               2                
   1       1       1   1   1    
         3           1          
                           3    
 3             5                
         3         2     1      
           4                  10
                                
                               1
                                
   9                   3        
          10                 5  
                     1     1   1
                         3      
 4  10   9     3                
   6   5                        
                           4    
              11                
       3   4       2            
                       1       4
                                
      11                        