           3         5                  
     4   5       7             1     8  
            18                          
                                     1  
               2                        
 9   5             6                    
                 9       4         3    
                   7                 3  
                                        
                 4   4                  
                                 5      
                                        
                                 5   2  
                                   1   4
         1                   5   9      
 7                   7     7            
                   1                    
       4         2         9         8  
     2             4               5    
 2       2                              
       1                                
 2   1                                  
                                        
    15                       5          