 4                      10                
             6                            
           5   5         5                
                   1               5      
                           3     1        
 3                 6   3             3    
               4     6   2       2        
 1   4                                    
       5               6               2  
   4                               2      
 6             2   3   6                  
                                          
                 3         1         3   4
     1                 3       4          
               6                         4