               3              
                 3   4        
     3     5                  
 4     4             5       2
     1           1            
   2                         3
                 6     6      
     2         6           4  
                              
               1              
       3                      
 6       6                    
                     5   5   1
 6   1       7                
       3                      
     4             1          
         3           2   2    
                             1
                              