        17   2                 6                     4      
                                                            
         2                               5                 2
               3     5   4   3                              
                                       4   5                
                     6     1                           5   3
                         8                                  
     1   5                     3                           2
                                             3   8          
             6     4                 9   5           3     2
                             7     4                        
           4                                       2        
                                   3       3                
       5       3       4               4           7   2   5
                                     9         4            
       4     3   2       4                           3     1