              11         1                    
                     3          10         2  
               6           3         1        
                 2               2         1  
                                             9
   1     4        12       7                  
                         2                    
 6         6               1                  
                                             2
           3             4               9    
             1       3     2     4         1  
               1       1                      
           5       1               3   6   2  