                           7                
 2   4       6                         1   2
   2                       2                
       1     1     3     4               4  
                                            
         3             3     3              
     3       2             3           3    
                 4           1       8     4
               4     2                      
                           3             3  
                   6                       2
 7   4                         6   5   1    