            13                                     5   2  
                                                          
            13                                   6        
   6   4                                                  
 4   3                           3                        
               9                                   6   5  
         6         1               1             4        
                     4     3     1     5                  
   3     1                                                
       4     7           5     1       4             3    
 7         6                                             5
                                         2   5            
         4           3                 5   2   2         9
           6   3   2             2                 1      
                       7   2           3         6   2   3
                                                          
                                     5                    