                           3                
             6                      12      
 7                       4         1        
     3   3     5                            
                        10               4  
         2   4     2                        
                       2                    
                   2             2          
               2                     2      
   6                   3   5                
           5                     2   3   3  
   3   5     4       2   4                  