                         3
         3       2        
                          
                 2     3  
 7   4   3               4
   8   4       9     3    
                          
                     4    
       3                 3
                          
             2            
   4               3      
               2          
         3                
   4   2   4         3   5
                          
         7       3        
       6             3    
                         2
 4   3                    
                 1        
                   1   5  
               2     3    
         1                
   4           3          