                    11                 8              
                                         7         1  
         4   1         4     4         5              
               6                         9           6
                               9   4   4              
                                                      
                   6                                  
                                           3          
          12                       1   3              
         6                     2           2       4  
                             3                        
 9   2   1   2                           1           3
                               3             3        
                   4                                  
           2     3     8                             4
                           4       1           1      
     5     6                   9                      
                 3   4       4     9       3     2    