    14                   7                
                                          
         2         2     4             7  
             6                            
   1                       2         5    
                         6         4      
                                          
                     3                    
       4                         7        
                       3                  
                           1         5   7
     3     3   6                          
                               3          
                                      10  
                   3         9     5      
                                          
         7           2               1    
12   7       2           3                
         2       5                       5
                           2           5  
           6       5     5         6      
                                     1   2
                      12         5        