       8                   3
     3                 2    
                            
     9                      
 2         4                
     3             3        
   2       9           4    
         8                  
     8                      
 9                     2    
                           3
         5   1              
                   2        
               2           5
                 1       3  
             1     1        
                           1
     1             7   2    