                                    
 3   6                   6     1   2
                                    
             1           3       2  
   5           5             3      
                         2          
     4                              
                                    
                                 5  
                               4    
     6           8                  
         9                          
           4     1   5              
                           1        
 9   4   6               3    11   6