   3                            
                                
               5                
       2   1                    
                                
               2   6            
                               7
   6                   7        
         3     8     5          
     1                  10      
                       3        
           3               2    
         4               4     5
                                
 7         2                    
         4     6         3      
                     4       5  
         5   5                  
                 2       3     1
         4                      
           1       3   4       4
                                
   2                       4    
 4               8   3          
           2               3   1