   2                 7               2                  
             6     7                       1            
 2                   7     9                     3   2  
                                               7       1
   3     5       7   3                 7         4      
           6                                   5        
                         3                       9      
                  11   2                     6        14
 9   2                       4   4                      
                         7                     7        
                                                        
                 3                                      
           3                                            
                                       4                
           6                     2                      