         7   4   6   4            
                             2    
                           1      
                         1   3    
 3   3   8     2                  
   5               7              
       3         7              12
                   5   2          
                           6      
                         2        
       3                          
   8                   3          
     3     3                      
               2                  
                             4    
       1     2         5   1      
                                  