                 1                        
               2     1                    
   8       2                       7   2  
                   2                      
                                     1    
   4     5                   6   3        
                 3         3   1     4   4
                                       3  
             5   7       2     1          
         2             1                  
       7             6       2   2   3    
         3                                
      10               3     2            