                 9     4           7              
                   1           6                 2
   1       3         4                 2          
     1             4                       7   1  
 5           7      10     3                      
                   5                              
         1                   6        14          
                   6                              
       5         2                 5              
             5           6       5       9        
               4             1                    
                                                  
   1     4       4     3               3          
           4                       1              
 1                     1                          
     2                     3     2   3            
                 6       3                        
 1   2             4             2           1   2
                                       4          