13                        
                          
 2            10          
                          
         4     3       1  
 3   2               5    
                 1        
   5                      
 3                        
    11   8                
                 5        
   1           4          
                          
                     2    
 3                        
     4     5         2    
                 5        
             2            
 4   4                    