                                
                                
                                
    15  12     6             1  
 5                              
                                
 6       4                      
                               4
 4               2              
                     3          
 8     8           1       6    
     4     7                    
                 1             5
                                
     3                       8  
                       5       8
                   3            
             6                  
                   2       1  12
   1           5       2        
     1           1       4      
               7                
 2                 3            
                 2              
       8           4            
               4                