               2         2    
         1         1       3  
   7   3       1              
           2           5      
   5         8           4    
     1               1        
                              
                         4    
         1     5           4  
   4         1     3          
 4               1            
       3     2             3  
     1               2        
         6                    
     2               3        
       6                 1   2
   1                          