 3   2   3         2                      
               3       1   1         1    
      11             8                    
     1                       1        23  
   8   2                       1     7    
                   3   2                  
         6                                
       6                                  
                       2                  
                     2                    
                 2       1   1   1        
                           2         2   4
                                          
               1                          
                               3     4    
              12                         4
             1                       8    
     1  16                                
       9       3     3                 2  
 3                                11      
                               9     4    