10                     3       4   6
                                    
 7                       4          
                           1        
 4                       2          
         5                       3  
 1   3                 2       5    
           8                       3
     5   7           3       3      
              10                    
       4                           2
                       2       4    
                                   4
 3   6           1                  
                                    
                10                  