     3   2   3   5   2     1
                            
 2     2                    
           7                
                            
     2                 5    
 4      11                  
                            
   3     4                  
                 3     7    
 2   8       3              
   3                        
       1         3          
                            
     6   6     4            
 6           5              
                            
                            
                            
               3   8     1  
         3                  