                       3     5  
             4  10         3    
     8               1          
                       8        
                 4           7  
                                
                               2
       1   2     7              
         2                   2  
 2   2           4              
                           4    
                               3
       3                   1    
     3         1     4          
                 1              
     3   4   2                 5