 4   3                 6                   3  
                         2                    
     9   5       2     2     3     3     8    
                   1     3           7        
   4             1           9   9            
                                              
             4             6                  
                                              
     1             6   3                      
   1     2                                    
       7           1                         4
   4             5   2                        
                                           3  