         6     2       3   2    
                   5            
           4                    
   1         4       1     3   4
     9   4                   2  
                   2   6        
                           2    
                                
               2       3       2
                   2         2  
 7         5   6                
                     3     4   6
                       4        
     1           7              
                                
                                