           4                10       4       4        
         2           1             6                 2
   2           3                       2   2          
       9                           2           5      
11       7   4  12             4         6   6        
               5                    10                
                                                      
                 3             8                     6
                         1             6              
                           4                 3        
             1                             4          
           7                                          
                                                      
     2                     4               3   2      
       2                       1                     2