 4                              
         1             4        
 5   2             1            
         9       1              
                                
       1                        
   2     3                      
             2             5    
                   5     8      
       3                        
 3           3                  
                                
                       9        
                                
     2         8                
 5           4                  
         2                    16
               2   4   8   9    
                11       1      
                     1       2  
     3                     3    