             1                 3
 3   3           5       3      
           1                    
               3                
   4     3               3      
                                
 2   2               3          
         4       3              
 4         1         7     1    
               2                
 2         2           1   9    
       3       5                
         3               3      
                 3              
                                
         3                      
     5                          
                                
 6         3                   5
                   7       6    
             8       5       1  
   7                     1     3
             4                  
   3       5               2    
 4                     1        
             9             3    
               6                
 2   1                          
       1   5   9                