                         6   3       4     5  
   3                                     7    
                   6               4          
     3               4     4                  
                             6             3  
             3         4                      
                                   5          
                                         4    
                                             7
                                   5     4    
                 4   4   2                    
     6       5                                
11    10               1     3   1            
                               1              
   3             4           2     4          
 5       9                       1       2    
             9                     1   1     1