   2   5  12                      
                                  
   1         9   3       6        
    11                 4          
 3                                
             7                    
               4       3          
   5                              
                                  
                                  
                   2              
               4       4   4      
                                  
   1                              
                                  
               3       5  12      
                                  
 3   6   2     3   7   3     5    