// puzzle 91 from nikoli's book "nurikabe 1"
         2                 6            
   6                                    
                 3           7   3      
     1     3                   7   6    
                         1              
 2       7                         8    
                     4               2  
             3                          
    12                 1                
             8       6           3      
 5       3     2           3            
                       2             1  
                                        
                   2           5        
       4       1                   1   3
                       7                
                  12     5              
                     2                  
           7       1                 4  
             8                          
                               3     3  
         6                             9
 2                       3     7        
     5   2                              
                                       8
                   5               1    
     1                 7                
            10                 3        
                   1     5              
 3   2   4             3   6           4
           4                            
                                        
   4           2       2                
 3                       4              
       1         2                   3  
               6     6             2    
