// puzzle 90 from nikoli's book "nurikabe 1"
   8                 7             2    
     7                 5             1  
                                        
                                        
           3           3           8    
             5           4           3  
 7                                      
   4                 1       3          
                       4       4     3  
           4                           5
   2         6                          
     2                     8            
                             1          
                                        
   8                           3     2  
     8     9        11           4     5
             1         1                
                   3                    
                    13                  
                 4         1            
 4     1           3         3     6    
   3     6                           5  
                                        
           1                            
             4                     2    
                           2         1  
 4                           2          
   1     4       6                      
           4       5                 5  
                                       1
   4           3          11            
     2           4           6          
                                        
                                        
   6             6                 1    
    11             6                 6  
