// puzzle 96 from nikoli's book "nurikabe 1"
              12                 5     8
            11                          
                          16   2        
           4             3              
                               1   4    
                                        
                             1          
       2             4               5  
                               5        
                                        
  16               4           2        
                 3                      
         6   2             2            
                     7                  
             4                          
                                        
  11       3                 2          
                     1   4     7        
     1       4   3                      
                           2     5      
         3             6                
                 2   8                  
     3                     2            
       1                                
   2                 5                 1
                        22         5    
 4       2     4               2        
             3       5       1          
                                        
         2               1             3
 7   7                                  
             2     4         5   3      
           2     2   2                 3
                                   7    
 2         1                            
     3           3             6   5    
